{
"lowlevel": {
    "average_loudness": 0.951616644859,
    "barkbands_crest": {
        "dmean": 2.4271068573,
        "dmean2": 3.88389086723,
        "dvar": 5.92019605637,
        "dvar2": 15.0290222168,
        "max": 24.7515792847,
        "mean": 11.9287385941,
        "median": 11.3830432892,
        "min": 2.94868922234,
        "stdev": 4.42735290527,
        "var": 19.6014518738
    },
    "barkbands_flatness_db": {
        "dmean": 0.0231591016054,
        "dmean2": 0.0333756022155,
        "dvar": 0.000607077556197,
        "dvar2": 0.00121790287085,
        "max": 0.370810985565,
        "mean": 0.187940627337,
        "median": 0.186224609613,
        "min": 0.0458211526275,
        "stdev": 0.0553839020431,
        "var": 0.00306737679057
    },
    "barkbands_kurtosis": {
        "dmean": 3.0883743763,
        "dmean2": 4.78301334381,
        "dvar": 23.4855213165,
        "dvar2": 56.8209648132,
        "max": 77.9019088745,
        "mean": 5.72346496582,
        "median": 3.37575435638,
        "min": -1.89902925491,
        "stdev": 7.56774711609,
        "var": 57.2707977295
    },
    "barkbands_skewness": {
        "dmean": 0.538800895214,
        "dmean2": 0.799951910973,
        "dvar": 0.376152902842,
        "dvar2": 0.818335235119,
        "max": 7.65290498734,
        "mean": 1.90159964561,
        "median": 1.80672383308,
        "min": -4.1979136467,
        "stdev": 1.26450943947,
        "var": 1.59898412228
    },
    "barkbands_spread": {
        "dmean": 4.46530723572,
        "dmean2": 6.63085699081,
        "dvar": 45.6970367432,
        "dvar2": 91.8953781128,
        "max": 73.376083374,
        "mean": 14.5918331146,
        "median": 11.0798435211,
        "min": 1.20515036583,
        "stdev": 11.5324850082,
        "var": 132.998214722
    },
    "dissonance": {
        "dmean": 0.0240259692073,
        "dmean2": 0.0392642654479,
        "dvar": 0.00049611547729,
        "dvar2": 0.00127468642313,
        "max": 0.499999821186,
        "mean": 0.435792863369,
        "median": 0.44185423851,
        "min": 0.226996466517,
        "stdev": 0.0396089442074,
        "var": 0.00156886852346
    },
    "dynamic_complexity": 3.06948208809,
    "erbbands_crest": {
        "dmean": 2.69417190552,
        "dmean2": 4.33638763428,
        "dvar": 7.51495409012,
        "dvar2": 18.6381931305,
        "max": 27.7437458038,
        "mean": 11.4075775146,
        "median": 10.5092592239,
        "min": 3.04124045372,
        "stdev": 4.59611272812,
        "var": 21.1242523193
    },
    "erbbands_flatness_db": {
        "dmean": 0.0205942038447,
        "dmean2": 0.0284602064639,
        "dvar": 0.000525631592609,
        "dvar2": 0.00101297302172,
        "max": 0.378519326448,
        "mean": 0.228200763464,
        "median": 0.229975268245,
        "min": 0.0860184654593,
        "stdev": 0.0479687489569,
        "var": 0.00230100075714
    },
    "erbbands_kurtosis": {
        "dmean": 1.19905877113,
        "dmean2": 1.87196838856,
        "dvar": 3.54934024811,
        "dvar2": 8.70046901703,
        "max": 29.8298492432,
        "mean": 0.949302256107,
        "median": 0.131181955338,
        "min": -1.81396138668,
        "stdev": 2.73437952995,
        "var": 7.47683143616
    },
    "erbbands_skewness": {
        "dmean": 0.407391905785,
        "dmean2": 0.607920706272,
        "dvar": 0.201882451773,
        "dvar2": 0.442142724991,
        "max": 4.94969415665,
        "mean": 0.809758245945,
        "median": 0.826325774193,
        "min": -4.16286039352,
        "stdev": 0.931084871292,
        "var": 0.86691904068
    },
    "erbbands_spread": {
        "dmean": 6.90477371216,
        "dmean2": 10.2077894211,
        "dvar": 78.4586715698,
        "dvar2": 171.947006226,
        "max": 112.955307007,
        "mean": 30.3679523468,
        "median": 27.5158939362,
        "min": 3.19167566299,
        "stdev": 15.4330768585,
        "var": 238.179870605
    },
    "hfc": {
        "dmean": 6.64325904846,
        "dmean2": 9.18936729431,
        "dvar": 140.449081421,
        "dvar2": 315.810821533,
        "max": 154.65675354,
        "mean": 15.3570480347,
        "median": 9.92303085327,
        "min": 1.89778859294e-09,
        "stdev": 16.0399265289,
        "var": 257.279266357
    },
    "loudness_ebu128": {
        "integrated": -17.3857078552,
        "loudness_range": 2.41863632202,
        "momentary": {
            "dmean": 0.957036197186,
            "dmean2": 1.2506223917,
            "dvar": 0.791789770126,
            "dvar2": 1.44344031811,
            "max": -13.719871521,
            "mean": -17.7610874176,
            "median": -17.5174369812,
            "min": -26.6615161896,
            "stdev": 1.92381751537,
            "var": 3.70107364655
        },
        "short_term": {
            "dmean": 0.10861030966,
            "dmean2": 0.12691386044,
            "dvar": 0.00813681073487,
            "dvar2": 0.0118768177927,
            "max": -15.5626077652,
            "mean": -17.453836441,
            "median": -17.3795166016,
            "min": -20.5052852631,
            "stdev": 0.859265983105,
            "var": 0.738338053226
        }
    },
    "melbands_crest": {
        "dmean": 2.91917443275,
        "dmean2": 4.67612409592,
        "dvar": 8.72082614899,
        "dvar2": 22.266752243,
        "max": 31.8060379028,
        "mean": 15.5196933746,
        "median": 15.052989006,
        "min": 2.85952568054,
        "stdev": 5.26688909531,
        "var": 27.7401199341
    },
    "melbands_flatness_db": {
        "dmean": 0.0252077579498,
        "dmean2": 0.0352704897523,
        "dvar": 0.000793372106273,
        "dvar2": 0.00148601771798,
        "max": 0.430609107018,
        "mean": 0.230740889907,
        "median": 0.232394039631,
        "min": 0.0242807362229,
        "stdev": 0.0679583773017,
        "var": 0.00461834063753
    },
    "melbands_kurtosis": {
        "dmean": 6.13024044037,
        "dmean2": 9.56397151947,
        "dvar": 96.6236114502,
        "dvar2": 240.001678467,
        "max": 151.129241943,
        "mean": 13.48965168,
        "median": 9.07510566711,
        "min": -1.84575355053,
        "stdev": 14.2933158875,
        "var": 204.298873901
    },
    "melbands_skewness": {
        "dmean": 0.648091673851,
        "dmean2": 0.984236657619,
        "dvar": 0.615442037582,
        "dvar2": 1.43297576904,
        "max": 10.2290430069,
        "mean": 2.78494811058,
        "median": 2.58415317535,
        "min": -2.8937587738,
        "stdev": 1.45882678032,
        "var": 2.12817573547
    },
    "melbands_spread": {
        "dmean": 6.21657514572,
        "dmean2": 8.94289875031,
        "dvar": 132.280166626,
        "dvar2": 234.478790283,
        "max": 169.20401001,
        "mean": 18.3495635986,
        "median": 12.2885255814,
        "min": 1.5428737402,
        "stdev": 20.3078937531,
        "var": 412.410583496
    },
    "pitch_salience": {
        "dmean": 0.0646324157715,
        "dmean2": 0.104722104967,
        "dvar": 0.00402917200699,
        "dvar2": 0.0102537311614,
        "max": 0.937082052231,
        "mean": 0.554319620132,
        "median": 0.562154710293,
        "min": 0.21974350512,
        "stdev": 0.107722975314,
        "var": 0.0116042401642
    },
    "silence_rate_20dB": {
        "dmean": 0,
        "dmean2": 0,
        "dvar": 0,
        "dvar2": 0,
        "max": 1,
        "mean": 1,
        "median": 1,
        "min": 1,
        "stdev": 0,
        "var": 0
    },
    "silence_rate_30dB": {
        "dmean": 0.000478468893562,
        "dmean2": 0.000957166776061,
        "dvar": 0.000478241156088,
        "dvar2": 0.00143483863212,
        "max": 1,
        "mean": 0.999760806561,
        "median": 1,
        "min": 0,
        "stdev": 0.0154635151848,
        "var": 0.00023912031611
    },
    "silence_rate_60dB": {
        "dmean": 0.0377990417182,
        "dmean2": 0.0751375928521,
        "dvar": 0.0363709032536,
        "dvar2": 0.078106790781,
        "max": 1,
        "mean": 0.0786893069744,
        "median": 0,
        "min": 0,
        "stdev": 0.269256740808,
        "var": 0.0724991932511
    },
    "spectral_centroid": {
        "dmean": 223.146484375,
        "dmean2": 318.623626709,
        "dvar": 110271.171875,
        "dvar2": 192849.875,
        "max": 4856.08740234,
        "mean": 1122.30773926,
        "median": 929.775939941,
        "min": 299.371887207,
        "stdev": 679.71307373,
        "var": 462009.84375
    },
    "spectral_complexity": {
        "dmean": 3,
        "dmean2": 4.45680761337,
        "dvar": 15.5090913773,
        "dvar2": 31.8944797516,
        "max": 46,
        "mean": 14.3594837189,
        "median": 13,
        "min": 0,
        "stdev": 7.25669288635,
        "var": 52.6595916748
    },
    "spectral_decrease": {
        "dmean": 1.54630541704e-09,
        "dmean2": 2.13212847378e-09,
        "dvar": 6.42238909454e-18,
        "dvar2": 1.30734671587e-17,
        "max": -1.73381822373e-20,
        "mean": -4.31743973905e-09,
        "median": -3.27176929993e-09,
        "min": -3.46636106485e-08,
        "stdev": 3.91483778728e-09,
        "var": 1.53259560673e-17
    },
    "spectral_energy": {
        "dmean": 0.00635683210567,
        "dmean2": 0.00874989107251,
        "dvar": 0.000106091545604,
        "dvar2": 0.000215826934436,
        "max": 0.137214422226,
        "mean": 0.0176879111677,
        "median": 0.0132711296901,
        "min": 2.37573442906e-13,
        "stdev": 0.0159043632448,
        "var": 0.000252948782872
    },
    "spectral_energyband_high": {
        "dmean": 0.000397830823204,
        "dmean2": 0.000579319894314,
        "dvar": 9.87355633697e-07,
        "dvar2": 2.25285930355e-06,
        "max": 0.0147379282862,
        "mean": 0.000504028692376,
        "median": 7.01432363712e-05,
        "min": 1.69177849898e-13,
        "stdev": 0.0011681211181,
        "var": 1.36450694299e-06
    },
    "spectral_energyband_low": {
        "dmean": 8.17003456177e-05,
        "dmean2": 9.42657425185e-05,
        "dvar": 3.29578142555e-08,
        "dvar2": 4.07081195419e-08,
        "max": 0.00668505672365,
        "mean": 0.000253521546256,
        "median": 2.83773879346e-05,
        "min": 4.36327804603e-15,
        "stdev": 0.000519030843861,
        "var": 2.69393041208e-07
    },
    "spectral_energyband_middle_high": {
        "dmean": 0.00119192420971,
        "dmean2": 0.00162506010383,
        "dvar": 3.69147255697e-06,
        "dvar2": 7.46914247429e-06,
        "max": 0.0362535081804,
        "mean": 0.00327611225657,
        "median": 0.00201255828142,
        "min": 5.12172261254e-14,
        "stdev": 0.00375617714599,
        "var": 1.41088667078e-05
    },
    "spectral_energyband_middle_low": {
        "dmean": 0.0054826377891,
        "dmean2": 0.0077711911872,
        "dvar": 9.00034356164e-05,
        "dvar2": 0.000187492973055,
        "max": 0.13265170157,
        "mean": 0.0138482218608,
        "median": 0.00992934778333,
        "min": 2.46981678409e-15,
        "stdev": 0.0138334268704,
        "var": 0.000191363695194
    },
    "spectral_entropy": {
        "dmean": 0.210061177611,
        "dmean2": 0.290084809065,
        "dvar": 0.0664488077164,
        "dvar2": 0.118761792779,
        "max": 8.78648376465,
        "mean": 7.04041910172,
        "median": 7.02126073837,
        "min": 5.31356048584,
        "stdev": 0.562848329544,
        "var": 0.316798269749
    },
    "spectral_flux": {
        "dmean": 0.0208989288658,
        "dmean2": 0.0315726101398,
        "dvar": 0.000737174646929,
        "dvar2": 0.00154259754345,
        "max": 0.27756395936,
        "mean": 0.057189270854,
        "median": 0.0453499741852,
        "min": 0.000158839029609,
        "stdev": 0.0417821295559,
        "var": 0.00174574623816
    },
    "spectral_kurtosis": {
        "dmean": 3.11572098732,
        "dmean2": 5.07812929153,
        "dvar": 14.333773613,
        "dvar2": 35.8549079895,
        "max": 61.0430984497,
        "mean": 8.12534046173,
        "median": 6.60476779938,
        "min": -0.394893169403,
        "stdev": 6.46590232849,
        "var": 41.8078956604
    },
    "spectral_rms": {
        "dmean": 0.000677006610204,
        "dmean2": 0.000895855249837,
        "dvar": 7.69232485709e-07,
        "dvar2": 1.38459415666e-06,
        "max": 0.011570122093,
        "mean": 0.0037857205607,
        "median": 0.00359825557098,
        "min": 1.52242893847e-08,
        "stdev": 0.00171020848211,
        "var": 2.92481308861e-06
    },
    "spectral_rolloff": {
        "dmean": 454.381896973,
        "dmean2": 736.0390625,
        "dvar": 846758.75,
        "dvar2": 1606252,
        "max": 15590.0390625,
        "mean": 1470.17785645,
        "median": 968.994140625,
        "min": 236.865234375,
        "stdev": 1475.39794922,
        "var": 2176799
    },
    "spectral_skewness": {
        "dmean": 0.322645694017,
        "dmean2": 0.505466222763,
        "dvar": 0.108256444335,
        "dvar2": 0.245239138603,
        "max": 6.21862030029,
        "mean": 1.93007695675,
        "median": 1.84777641296,
        "min": -0.0380609296262,
        "stdev": 0.724547445774,
        "var": 0.524968981743
    },
    "spectral_spread": {
        "dmean": 601108.1875,
        "dmean2": 818462.125,
        "dvar": 687806349312,
        "dvar2": 1.28886741402e+12,
        "max": 12166969,
        "mean": 3632628.5,
        "median": 3209267.25,
        "min": 1298810.25,
        "stdev": 1453180.875,
        "var": 2.11173454643e+12
    },
    "spectral_strongpeak": {
        "dmean": 0.485192120075,
        "dmean2": 0.778572559357,
        "dvar": 0.390339463949,
        "dvar2": 0.949715793133,
        "max": 7.64382791519,
        "mean": 1.21127223969,
        "median": 1.01140332222,
        "min": 0,
        "stdev": 0.896589457989,
        "var": 0.803872704506
    },
    "zerocrossingrate": {
        "dmean": 0.0110628409311,
        "dmean2": 0.0123100858182,
        "dvar": 0.000284306355752,
        "dvar2": 0.00029560099938,
        "max": 0.4951171875,
        "mean": 0.0547460094094,
        "median": 0.04345703125,
        "min": 0.00927734375,
        "stdev": 0.0393031165004,
        "var": 0.00154473492876
    },
    "barkbands": {
        "dmean": [9.76192268354e-07, 9.55544010139e-07, 3.35454096785e-05, 6.85254708515e-05, 0.000534323218744, 0.00208864104934, 0.00305636436678, 0.000666385982186, 0.000895119097549, 0.000163443095516, 0.000242267473368, 0.000162990458193, 0.000221524140215, 0.000170164421434, 0.000175280423719, 0.000228857417824, 0.000204391020816, 0.000131533190142, 0.000154971668962, 9.08128131414e-05, 8.66936097736e-05, 8.46322727739e-05, 6.57090931782e-05, 7.78622124926e-05, 2.97410624626e-05, 4.68088401249e-05, 8.84797736944e-06],
        "dmean2": [1.74779336248e-06, 1.63041863743e-06, 3.81011559512e-05, 8.74700490385e-05, 0.000830517034046, 0.00308070890605, 0.00462402775884, 0.000977961462922, 0.00129858579021, 0.000245839619311, 0.000344856089214, 0.00024556266726, 0.000332413532306, 0.000249814183917, 0.000262795860181, 0.000339404912665, 0.000306501577143, 0.000204711497645, 0.000229610304814, 0.000137363385875, 0.000126603175886, 0.00012337390217, 9.98823379632e-05, 0.000123381978483, 4.83541261929e-05, 8.06896496215e-05, 1.54350655066e-05],
        "dvar": [1.96293870915e-12, 2.32922383638e-12, 5.84103254653e-09, 2.19771383314e-08, 8.36600861476e-07, 1.72552463482e-05, 4.82313807879e-05, 2.14865508497e-06, 5.79828929403e-06, 1.84488413879e-07, 6.56011025058e-07, 2.67878050408e-07, 3.87951274661e-07, 2.35735953424e-07, 3.08730307097e-07, 2.96814448575e-07, 1.73969411321e-07, 1.26048306015e-07, 9.75940324111e-08, 4.32023767871e-08, 5.63049162849e-08, 5.32855608526e-08, 2.78040008794e-08, 4.97381087428e-08, 9.38241218051e-09, 2.85358208174e-08, 1.23710053312e-09],
        "dvar2": [5.58426612243e-12, 6.04016012554e-12, 7.33385974172e-09, 3.47974875581e-08, 2.03263857657e-06, 3.75076560886e-05, 0.000108538501081, 4.51754340247e-06, 1.11795498015e-05, 3.94288349526e-07, 1.43549436871e-06, 6.03812679856e-07, 8.08209335901e-07, 5.71509815472e-07, 6.50750394016e-07, 6.47308809221e-07, 3.64216731441e-07, 3.15918498472e-07, 2.24184219633e-07, 1.04791219258e-07, 1.20602805964e-07, 1.14794694639e-07, 6.23941218691e-08, 1.24462459894e-07, 2.42922766347e-08, 7.48307513732e-08, 3.29326144133e-09],
        "max": [2.48611031566e-05, 4.1394305299e-05, 0.00283583858982, 0.00433190679178, 0.0136612439528, 0.0652387738228, 0.115499474108, 0.0296012088656, 0.05347507447, 0.0153103051707, 0.0253480877727, 0.0124701727182, 0.019045451656, 0.0112643158063, 0.0180243942887, 0.00925339665264, 0.00683996547014, 0.00672640325502, 0.00496408855543, 0.00409584632143, 0.00433517852798, 0.00389558076859, 0.00256710848771, 0.0033144489862, 0.00169171509333, 0.00228327000514, 0.000551402918063],
        "mean": [9.46232319166e-07, 1.31480408072e-06, 9.90682456177e-05, 0.000208965619095, 0.00116983486805, 0.00542050180957, 0.00411192933097, 0.00117512163706, 0.00168098125141, 0.000375680247089, 0.000470474071335, 0.000279991829302, 0.000364908948541, 0.00031403003959, 0.000282978900941, 0.000360239035217, 0.000336445780704, 0.000177291134605, 0.000272100733127, 0.000129762338474, 0.000117787378258, 0.000112155459647, 7.98654509708e-05, 7.8764736827e-05, 2.54013611993e-05, 3.50678383256e-05, 6.32891169516e-06],
        "median": [5.53671554826e-07, 7.93805725152e-07, 9.30811802391e-06, 3.49209549313e-05, 0.000762098701671, 0.00319716823287, 0.00125855649821, 0.000322001433233, 0.000476013578009, 0.000136948452564, 0.00014606230252, 5.37319792784e-05, 0.000123040023027, 8.35499449749e-05, 6.48778514005e-05, 0.000111583824037, 0.000126824364997, 5.5927059293e-05, 8.9372653747e-05, 3.10834329866e-05, 1.61533334904e-05, 1.28218325699e-05, 8.80588595464e-06, 5.46632327314e-06, 1.68984831816e-06, 1.31353988309e-06, 1.63706104672e-07],
        "min": [2.70703789009e-15, 2.24075408768e-15, 5.85611951133e-16, 4.42751903645e-16, 8.25377702925e-16, 5.59458485398e-16, 3.96630086164e-16, 1.18158396224e-16, 6.04975547824e-17, 9.53279889718e-16, 1.71776947626e-15, 2.88653962996e-15, 3.16604716179e-15, 1.48655499853e-15, 4.53325426514e-15, 3.67952001672e-15, 7.96739349572e-15, 6.14600880836e-15, 9.97491579082e-15, 2.04437669864e-14, 2.03496938132e-14, 2.81341925668e-14, 3.02219153295e-14, 2.18932317886e-14, 1.0700319889e-14, 1.9591975408e-14, 2.78658576113e-14],
        "stdev": [1.27607609102e-06, 1.8803899593e-06, 0.000213828854612, 0.000370093708625, 0.00137718359474, 0.00640123942867, 0.00813873205334, 0.00247905729339, 0.00367966992781, 0.000779009773396, 0.00113910308573, 0.000819826498628, 0.000903998909052, 0.000721664458979, 0.000798171909992, 0.000764084106777, 0.000603525142651, 0.000372804148355, 0.000454986962723, 0.000267457333393, 0.000303555076243, 0.000299683189951, 0.000210686310311, 0.000218534158194, 8.54146928759e-05, 0.000142697856063, 2.91322048724e-05],
        "var": [1.62837029017e-12, 3.53586626124e-12, 4.57227784523e-08, 1.36969362075e-07, 1.89663455785e-06, 4.09758686146e-05, 6.62389647914e-05, 6.14572491031e-06, 1.35399704959e-05, 6.06856247032e-07, 1.29755596845e-06, 6.72115447742e-07, 8.17214072413e-07, 5.20799630976e-07, 6.37078358068e-07, 5.83824544265e-07, 3.64242623618e-07, 1.38982940712e-07, 2.07013144404e-07, 7.15334209644e-08, 9.21456830838e-08, 8.98100225299e-08, 4.4388720255e-08, 4.77571759916e-08, 7.29566940194e-09, 2.0362676878e-08, 8.48685344224e-10]
    },
    "erbbands": {
        "dmean": [4.9139274779e-05, 0.000419773510657, 0.0213126260787, 0.182326674461, 0.291699677706, 1.87094259262, 6.72171878815, 21.7785396576, 48.2720527649, 22.4785614014, 16.2439441681, 21.6505775452, 5.78697538376, 5.61004924774, 10.3634271622, 7.21548366547, 9.9291267395, 7.88972520828, 7.74255800247, 10.4735841751, 11.2963552475, 9.8181810379, 7.70552492142, 6.17520809174, 8.71481132507, 3.63300442696, 3.26373577118, 3.6163122654, 2.99166512489, 2.14640378952, 1.78164625168, 1.99316823483, 1.14613008499, 0.409223109484, 0.189135164022, 0.190818279982, 0.090425029397, 0.0171286091208, 0.00156208663248, 5.11554389959e-05],
        "dmean2": [8.29175769468e-05, 0.000557707739063, 0.0246171280742, 0.21876129508, 0.396459281445, 3.00006246567, 9.96420288086, 31.8628482819, 73.528968811, 33.8142852783, 23.0157032013, 31.3750419617, 8.68472194672, 8.2929983139, 14.643740654, 10.6416492462, 14.8300476074, 11.179520607, 11.465473175, 15.3800506592, 16.1415843964, 14.4622163773, 11.6722412109, 9.61806297302, 12.7201852798, 5.42360925674, 4.68723011017, 5.33987998962, 4.39033079147, 3.08116364479, 2.67405772209, 3.1542391777, 1.84689307213, 0.666915178299, 0.311479449272, 0.325361937284, 0.156575486064, 0.0297873020172, 0.0027341155801, 8.59409556142e-05],
        "dvar": [3.91002785705e-09, 5.53762333766e-07, 0.00220699934289, 0.155265644193, 0.808239400387, 13.3337831497, 109.5414505, 1885.42956543, 13399.5722656, 2070.81201172, 1583.31750488, 3300.50878906, 263.720855713, 117.890022278, 1170.87695312, 437.787811279, 670.917297363, 383.255554199, 631.293884277, 690.377746582, 599.407226562, 414.797424316, 359.953796387, 264.853210449, 329.730010986, 61.229347229, 65.1148529053, 104.834014893, 71.1154937744, 38.1951980591, 21.1645736694, 27.7324371338, 13.0749063492, 1.71444201469, 0.427063316107, 0.482993960381, 0.113337874413, 0.00415803445503, 3.86515421269e-05, 4.22537702605e-08],
        "dvar2": [1.05161461761e-08, 9.13024393867e-07, 0.00283313472755, 0.208148285747, 1.10697293282, 36.8221969604, 244.794158936, 4112.81005859, 30305.7304688, 4908.85742188, 2898.60205078, 6557.34912109, 571.198303223, 257.806060791, 2548.92407227, 948.896606445, 1389.4630127, 857.969055176, 1434.76293945, 1431.72155762, 1239.89038086, 838.082824707, 852.589904785, 672.526062012, 728.515014648, 140.993972778, 138.38923645, 231.050094604, 162.590087891, 77.2407836914, 46.078578949, 68.8880310059, 33.4179649353, 4.39789152145, 1.12333798409, 1.28095304966, 0.29974129796, 0.0110494140536, 0.000103911945189, 1.1509748532e-07],
        "max": [0.00121117464732, 0.0237916074693, 1.73184943199, 13.6234264374, 41.0698356628, 49.45652771, 143.601989746, 615.572143555, 1765.83325195, 618.907348633, 1001.43273926, 1506.2677002, 440.997894287, 247.203430176, 998.553405762, 554.37512207, 781.59387207, 432.210510254, 674.868103027, 828.451904297, 544.442749023, 389.649505615, 390.254455566, 315.046936035, 397.516326904, 130.515899658, 148.578994751, 191.05027771, 156.111328125, 112.501289368, 80.8172912598, 67.7617111206, 61.8896522522, 15.5104818344, 15.5124464035, 11.4300069809, 5.00851202011, 0.771401762962, 0.107752397656, 0.00388816604391],
        "mean": [8.03844595794e-05, 0.00116492412053, 0.0641461089253, 0.571965456009, 0.769094109535, 3.82275319099, 17.5842952728, 57.5812110901, 66.857383728, 35.6092948914, 30.8612651825, 41.8017539978, 12.5012989044, 15.0944280624, 20.2195243835, 13.8404350281, 17.5063266754, 16.2368106842, 13.7082147598, 17.994468689, 19.5494289398, 16.9691390991, 11.5028162003, 9.67537307739, 15.263215065, 5.60532569885, 4.67333459854, 4.68290090561, 3.80083799362, 2.95248770714, 2.26175165176, 2.10383844376, 1.05217015743, 0.356543958187, 0.158217325807, 0.14497345686, 0.0662597715855, 0.0123865138739, 0.00111637683585, 5.31760488229e-05],
        "median": [5.56844897801e-05, 0.00041454154416, 0.0102146966383, 0.105471454561, 0.278314560652, 2.32322478294, 11.9262046814, 32.6095657349, 21.722826004, 13.8935480118, 7.42100048065, 14.1627111435, 4.77962446213, 7.18094873428, 6.58261299133, 3.86243772507, 6.30854129791, 5.58850860596, 3.90992712975, 5.26416730881, 7.0789141655, 6.27906894684, 4.12839746475, 3.47526407242, 4.75626039505, 1.68094730377, 0.756330311298, 0.624010384083, 0.424988150597, 0.315417855978, 0.243867024779, 0.171838670969, 0.0608485080302, 0.0228374488652, 0.00987482443452, 0.00633136322722, 0.00206890562549, 0.000342644547345, 3.93193768105e-05, 1.90951559489e-05],
        "min": [1.0697603285e-13, 3.62095661614e-13, 6.79024599135e-13, 1.18317324254e-12, 1.84363266841e-12, 2.8938617995e-12, 4.31946709303e-12, 4.51028233858e-12, 5.46692162026e-12, 5.19317748526e-12, 1.53147210625e-12, 1.43922200546e-12, 1.26873685169e-11, 5.32926029695e-11, 7.10888015121e-11, 1.34877845004e-10, 1.41010134125e-10, 1.02948205516e-10, 1.60393934245e-10, 1.83233997419e-10, 3.23704146821e-10, 4.4848869063e-10, 3.03991026795e-10, 5.0554038733e-10, 6.09323980161e-10, 8.26213097938e-10, 8.13249412257e-10, 9.8682761962e-10, 1.11484832477e-09, 1.02245800715e-09, 7.22529647224e-10, 5.8795956992e-10, 2.73514655369e-10, 1.22999360697e-10, 9.18345954837e-11, 7.07363750907e-11, 3.74423513028e-11, 1.30296190504e-11, 3.82853818093e-12, 4.77323692724e-13],
        "stdev": [7.95022933744e-05, 0.00186533317901, 0.131074771285, 1.08416545391, 1.9554309845, 4.65749692917, 18.1053905487, 69.4146118164, 133.142211914, 59.1563072205, 65.894317627, 87.5533905029, 27.5696296692, 20.8857555389, 49.1880683899, 36.0928001404, 39.9340820312, 31.295841217, 37.4368972778, 39.7814712524, 36.3800811768, 31.0173873901, 21.4869003296, 18.0308589935, 27.5123291016, 10.3532018661, 11.1775655746, 12.2846021652, 10.11307621, 8.75342655182, 6.08508443832, 5.51339292526, 3.30137610435, 1.16919481754, 0.562517762184, 0.582971692085, 0.281504154205, 0.0536203719676, 0.0050976225175, 0.000169491191627],
        "var": [6.32061514239e-09, 3.47946797774e-06, 0.0171805974096, 1.17541468143, 3.82371044159, 21.692276001, 327.805145264, 4818.38818359, 17726.8496094, 3499.46850586, 4342.06103516, 7665.59570312, 760.084472656, 436.214782715, 2419.46606445, 1302.69018555, 1594.73095703, 979.429626465, 1401.52124023, 1582.56542969, 1323.51025391, 962.078308105, 461.686859131, 325.111877441, 756.928222656, 107.188781738, 124.937965393, 150.911453247, 102.274307251, 76.6224746704, 37.0282516479, 30.3975009918, 10.8990840912, 1.36701643467, 0.316426247358, 0.339855968952, 0.0792445912957, 0.00287514436059, 2.598575702e-05, 2.87272658994e-08]
    },
    "gfcc": {
        "mean": [-61.9926719666, 79.5058135986, -155.35206604, -11.4731121063, -89.2047348022, -30.5531044006, -60.1182899475, -9.24675559998, -24.7721862793, -3.5861287117, -9.12846946716, 2.78427553177, -11.1236000061],
        "cov": [[5244.54980469, -2023.12512207, -116.584724426, 142.573013306, -422.672119141, -17.7383918762, -190.68661499, 118.70892334, -144.217895508, 208.503479004, -255.435134888, 55.1331329346, -328.62210083], [-2023.12512207, 2308.39575195, -213.541732788, -242.551956177, 520.484802246, -152.291275024, 115.859214783, -37.2262687683, 36.6949424744, -341.65713501, 110.348548889, -183.401123047, 22.8496055603], [-116.584724426, -213.541732788, 610.795837402, 158.745407104, 8.58223342896, 101.598770142, -15.6324167252, 7.10621976852, -4.95750808716, 23.9499435425, -44.5667915344, -2.1581761837, -79.1362533569], [142.573013306, -242.551956177, 158.745407104, 388.585968018, 38.6639556885, 44.6568565369, -45.6072654724, -1.95603644848, 33.7406692505, -4.71239089966, -65.1488342285, -62.4134063721, -64.82006073], [-422.672119141, 520.484802246, 8.58223342896, 38.6639556885, 354.824707031, 0.699932575226, -46.1398048401, 41.6510658264, 37.7792053223, -84.1070709229, -35.6900100708, -95.4092788696, -61.8463592529], [-17.7383918762, -152.291275024, 101.598770142, 44.6568565369, 0.699932575226, 211.604446411, 62.2913589478, -4.16223478317, -13.1314992905, 12.7364845276, -57.228553772, -14.2796154022, -53.439453125], [-190.68661499, 115.859214783, -15.6324167252, -45.6072654724, -46.1398048401, 62.2913589478, 246.153579712, 43.4574737549, -61.4367637634, -21.2578964233, -12.5064334869, 2.86699295044, -45.0334777832], [118.70892334, -37.2262687683, 7.10621976852, -1.95603644848, 41.6510658264, -4.16223478317, 43.4574737549, 136.571914673, 12.144659996, -13.5415477753, -35.1469268799, -17.6382961273, -44.7472991943], [-144.217895508, 36.6949424744, -4.95750808716, 33.7406692505, 37.7792053223, -13.1314992905, -61.4367637634, 12.144659996, 110.969024658, 16.2232894897, -3.87559223175, -29.881483078, 17.7866630554], [208.503479004, -341.65713501, 23.9499435425, -4.71239089966, -84.1070709229, 12.7364845276, -21.2578964233, -13.5415477753, 16.2232894897, 149.445205688, 23.2940635681, 34.1185722351, 19.0301532745], [-255.435134888, 110.348548889, -44.5667915344, -65.1488342285, -35.6900100708, -57.228553772, -12.5064334869, -35.1469268799, -3.87559223175, 23.2940635681, 127.800895691, 43.3920631409, 65.0599746704], [55.1331329346, -183.401123047, -2.1581761837, -62.4134063721, -95.4092788696, -14.2796154022, 2.86699295044, -17.6382961273, -29.881483078, 34.1185722351, 43.3920631409, 122.104576111, 70.1321563721], [-328.62210083, 22.8496055603, -79.1362533569, -64.82006073, -61.8463592529, -53.439453125, -45.0334777832, -44.7472991943, 17.7866630554, 19.0301532745, 65.0599746704, 70.1321563721, 219.159225464]],
        "icov": [[0.000477035908261, 0.000289628369501, 0.000297811289784, 7.64962896938e-05, 0.000360705162166, 0.000337579345796, 0.000659293727949, -0.000286988244625, 0.000745743396692, -0.000106469167804, 0.000706009217538, 2.62345420197e-05, 0.000806986412499], [0.000289628369501, 0.00249078311026, -5.61841115996e-05, 0.00150637642946, -0.00261660758406, 0.00150765082799, -0.00205823872238, 0.00217001186684, -0.00113568129018, 0.00354686984792, -0.00188478000928, 0.00236850813963, -0.000165027769981], [0.000297811289784, -5.61841115996e-05, 0.00227407529019, -0.000852418015711, 0.000448460428743, -0.000768276688177, 0.00104013620876, -0.000623269705102, 0.000832234625705, -0.000635936914477, 0.000587965070736, -0.000967840256635, 0.00116998434532], [7.64962896938e-05, 0.00150637642946, -0.000852418015711, 0.00434741517529, -0.00149504223373, 0.000777587527409, -0.000919035403058, 0.00187509262469, -0.00149435095955, 0.00232387147844, -0.000279274856439, 0.0027171485126, 3.02780954371e-05], [0.000360705162166, -0.00261660758406, 0.000448460428743, -0.00149504223373, 0.0080744009465, -0.00179425638635, 0.00475013954565, -0.00424674386159, 0.0020143466536, -0.00242645386606, 0.00282543641515, -0.00034288369352, 0.00180165690836], [0.000337579345796, 0.00150765082799, -0.000768276688177, 0.000777587527409, -0.00179425638635, 0.00774697260931, -0.0030603655614, 0.00297017698176, -0.00071127776755, 0.000721491058357, 0.00214651622809, 0.000951614230871, 0.000715169066098], [0.000659293727949, -0.00205823872238, 0.00104013620876, -0.000919035403058, 0.00475013954565, -0.0030603655614, 0.00978824310005, -0.00544575508684, 0.00561936246231, -0.00292760622688, 0.00242338702083, -0.00153233797755, 0.00236970698461], [-0.000286988244625, 0.00217001186684, -0.000623269705102, 0.00187509262469, -0.00424674386159, 0.00297017698176, -0.00544575508684, 0.0123314522207, -0.00454419013113, 0.0034391572699, 1.49614770635e-05, 0.000998877338134, 0.000343650288414], [0.000745743396692, -0.00113568129018, 0.000832234625705, -0.00149435095955, 0.0020143466536, -0.00071127776755, 0.00561936246231, -0.00454419013113, 0.0152200758457, -0.00473983306438, 0.00233039888553, 0.00246989983134, -0.000588828290347], [-0.000106469167804, 0.00354686984792, -0.000635936914477, 0.00232387147844, -0.00242645386606, 0.000721491058357, -0.00292760622688, 0.0034391572699, -0.00473983306438, 0.0144782168791, -0.00530575634912, 0.00227663246915, -0.000505901814904], [0.000706009217538, -0.00188478000928, 0.000587965070736, -0.000279274856439, 0.00282543641515, 0.00214651622809, 0.00242338702083, 1.49614770635e-05, 0.00233039888553, -0.00530575634912, 0.0152836404741, -0.00446990318596, 0.000371456582798], [2.62345420197e-05, 0.00236850813963, -0.000967840256635, 0.0027171485126, -0.00034288369352, 0.000951614230871, -0.00153233797755, 0.000998877338134, 0.00246989983134, 0.00227663246915, -0.00446990318596, 0.0171507112682, -0.00428859936073], [0.000806986412499, -0.000165027769981, 0.00116998434532, 3.02780954371e-05, 0.00180165690836, 0.000715169066098, 0.00236970698461, 0.000343650288414, -0.000588828290347, -0.000505901814904, 0.000371456582798, -0.00428859936073, 0.00881530437618]]
    },
    "melbands": {
        "dmean": [3.50886210754e-07, 7.83852647146e-06, 3.04217755911e-05, 6.00952334935e-05, 0.000215551641304, 0.000486579403514, 0.000711833185051, 0.000211193400901, 0.000146778591443, 0.000130655025714, 2.69665943051e-05, 2.26994670811e-05, 3.5279434087e-05, 2.16544522118e-05, 2.30724490393e-05, 1.74795168277e-05, 1.6886377125e-05, 1.27309176605e-05, 1.30918515424e-05, 1.79002672667e-05, 1.31614224301e-05, 1.16269930004e-05, 9.31464091991e-06, 5.7623929024e-06, 5.14134535479e-06, 6.39618065179e-06, 5.09517758474e-06, 2.09349673241e-06, 2.10010693991e-06, 2.54959854828e-06, 1.96772543859e-06, 1.75161198968e-06, 1.66119139067e-06, 1.03551190023e-06, 9.72314978753e-07, 1.33662933877e-06, 1.2139392993e-06, 8.55974064962e-07, 5.20180606145e-07, 3.11291927346e-07],
        "dmean2": [6.04943750204e-07, 9.01852763491e-06, 3.75686140615e-05, 9.40374156926e-05, 0.000321466679452, 0.000717400398571, 0.00107872253284, 0.000318241596688, 0.000209360470762, 0.00019027266535, 4.16302573285e-05, 3.3701187931e-05, 5.00251117046e-05, 3.18233724101e-05, 3.44965847034e-05, 2.60050237557e-05, 2.41401758103e-05, 1.92444495042e-05, 1.92692805285e-05, 2.70367909252e-05, 1.91565522982e-05, 1.72199033841e-05, 1.43015322465e-05, 9.19097419683e-06, 8.09167613625e-06, 9.49269087869e-06, 7.54197799324e-06, 3.22761502503e-06, 3.12651150125e-06, 3.83270617021e-06, 2.98385407405e-06, 2.66305596597e-06, 2.42656301452e-06, 1.53249106916e-06, 1.44051330153e-06, 2.16818443732e-06, 1.93354730982e-06, 1.37972506309e-06, 8.56969109009e-07, 5.12669657837e-07],
        "dvar": [2.47101357388e-13, 3.11525499841e-10, 3.59565999197e-09, 1.71023746276e-08, 1.06640584363e-07, 1.02014450931e-06, 2.78084576166e-06, 1.71434734852e-07, 1.60595277521e-07, 1.22878617503e-07, 6.55218412859e-09, 1.97335991992e-09, 1.56494337489e-08, 4.46771908358e-09, 5.56684343067e-09, 1.82232862134e-09, 2.0492250119e-09, 1.82217241296e-09, 2.13008743977e-09, 2.05504568918e-09, 7.92546306361e-10, 6.94470980722e-10, 3.69287378454e-10, 4.1267456119e-10, 2.02017527706e-10, 1.61735777549e-10, 1.62284075067e-10, 2.5513244295e-11, 2.744843762e-11, 5.96300300804e-11, 3.09835872236e-11, 2.73886573143e-11, 2.68043295892e-11, 8.54652026233e-12, 7.75188073454e-12, 1.51017445077e-11, 1.14036965634e-11, 8.18035656575e-12, 2.78361925524e-12, 1.10787052275e-12],
        "dvar2": [6.648688761e-13, 4.02033878411e-10, 5.30152721723e-09, 4.12224849811e-08, 2.41350505803e-07, 2.22693256546e-06, 6.21463323114e-06, 4.0876204821e-07, 2.94673327517e-07, 2.48728440511e-07, 1.43546099451e-08, 4.23642276814e-09, 3.36498651166e-08, 9.8902397383e-09, 1.05663797711e-08, 3.98824662184e-09, 4.67074423582e-09, 4.31495772446e-09, 4.0138399271e-09, 4.73771111231e-09, 1.64236113598e-09, 1.41885603266e-09, 8.15430389878e-10, 1.07281206141e-09, 5.18015685902e-10, 3.52772838719e-10, 3.78564901649e-10, 6.06907996081e-11, 6.17361023414e-11, 1.27961169438e-10, 7.11700420819e-11, 6.61927318513e-11, 5.58630156022e-11, 1.75898896143e-11, 1.61862138276e-11, 3.94767760148e-11, 2.86414902212e-11, 2.11239185866e-11, 7.17414712706e-12, 2.8994948803e-12],
        "max": [1.23675836221e-05, 0.000646232045256, 0.0018589902902, 0.00365182268433, 0.00461111776531, 0.015884488821, 0.0264130998403, 0.0055530667305, 0.0108336787671, 0.00999185629189, 0.00224559800699, 0.000931710703298, 0.00399242714047, 0.00174928002525, 0.0025294830557, 0.00137428985909, 0.000983654637821, 0.0012360495748, 0.00196397327818, 0.000807644915767, 0.000579378451221, 0.000565608788747, 0.000354797783075, 0.000455314555438, 0.000302909698803, 0.000199377711397, 0.000294742931146, 8.83497050381e-05, 8.07884716778e-05, 0.00015393657668, 0.000111809065857, 0.000105085586256, 0.000106541643618, 5.21755246154e-05, 5.91281423112e-05, 7.65803997638e-05, 5.34289611096e-05, 6.13185184193e-05, 2.57222618529e-05, 1.30615944727e-05],
        "mean": [4.61565292653e-07, 2.30581172218e-05, 9.4715578598e-05, 0.000119948883366, 0.000562634610105, 0.00122270989232, 0.00099195598159, 0.000344848813256, 0.00026498051011, 0.000249512842856, 5.37789965165e-05, 5.87950380577e-05, 6.62195452605e-05, 4.0201106458e-05, 3.82126236218e-05, 3.07561167574e-05, 3.22217347275e-05, 2.1579060558e-05, 2.15149775613e-05, 2.77849067061e-05, 2.18031545955e-05, 1.8670272766e-05, 1.44788846228e-05, 7.3484634413e-06, 7.40915629649e-06, 1.12373609227e-05, 8.18613534648e-06, 2.74353715213e-06, 2.88743854071e-06, 3.2107750485e-06, 2.46821991823e-06, 2.05865489988e-06, 2.22853054765e-06, 1.3626049622e-06, 1.28980013869e-06, 1.33998503316e-06, 1.26859038119e-06, 7.76361787302e-07, 4.51163884918e-07, 2.57996219943e-07],
        "median": [3.05709988879e-07, 2.6481718578e-06, 2.25493331527e-05, 5.48637326574e-05, 0.000397623021854, 0.000695178518072, 0.000317909667501, 0.000134218062158, 5.20909634361e-05, 8.18627595436e-05, 1.87150726561e-05, 2.57570573012e-05, 2.01849306904e-05, 1.14983004096e-05, 1.03988868432e-05, 1.10174496513e-05, 8.91444597073e-06, 5.56576287636e-06, 4.87426586915e-06, 8.47781393531e-06, 7.48181810195e-06, 5.8826140048e-06, 5.08485300088e-06, 2.20287142838e-06, 2.33840182773e-06, 3.51323205905e-06, 2.24412724492e-06, 4.97774976793e-07, 3.92750990841e-07, 3.53479350679e-07, 3.25564712966e-07, 2.33751336509e-07, 1.83145431265e-07, 1.5214504856e-07, 1.34770147042e-07, 1.12520893936e-07, 9.3245574817e-08, 4.24430552926e-08, 2.31467964795e-08, 1.59719046877e-08],
        "min": [9.18441318719e-16, 4.0025758417e-16, 2.24638431568e-16, 1.66781872575e-16, 1.51151136848e-16, 1.03106812658e-16, 8.36006695863e-17, 5.11052531078e-17, 8.67038227651e-18, 9.11574872602e-18, 6.65281514342e-17, 2.08678822064e-16, 2.37493268273e-16, 2.67171582209e-16, 4.02860966403e-16, 2.89110370818e-16, 1.61955902358e-16, 2.00954887437e-16, 3.69815193576e-16, 1.34184365466e-16, 4.53213078181e-16, 5.48926901248e-16, 2.09540161927e-16, 3.2765974022e-16, 4.30919171009e-16, 2.9054172415e-16, 6.03929462134e-16, 5.54792816166e-16, 6.53300736229e-16, 3.18020134703e-16, 6.52155177107e-16, 7.30614197885e-16, 3.78422636507e-16, 6.59332934302e-16, 4.57227061439e-16, 3.71952972386e-16, 3.29913906651e-16, 1.90694750877e-16, 1.48693470752e-16, 8.19892489612e-17],
        "stdev": [5.22261700553e-07, 4.88146361022e-05, 0.00015462160809, 0.000200625421712, 0.000550594180822, 0.00150886876509, 0.00195259903558, 0.000571062846575, 0.000620719918516, 0.000523848982994, 0.000133555309731, 8.65952824824e-05, 0.000174294153112, 0.000104617640318, 0.000114573871542, 6.43915627734e-05, 6.88408617862e-05, 6.36362747173e-05, 6.70516310493e-05, 6.04088018008e-05, 4.0879498556e-05, 3.82875623473e-05, 2.559607492e-05, 1.90140526684e-05, 1.53392902575e-05, 1.96928103833e-05, 1.76218745764e-05, 6.00310750087e-06, 7.01839371686e-06, 9.33496994548e-06, 6.46495027468e-06, 5.70837255509e-06, 6.98945905242e-06, 4.05763057643e-06, 3.83622682421e-06, 3.74737555831e-06, 3.46652473127e-06, 2.57020974459e-06, 1.4887513089e-06, 9.13711573958e-07],
        "var": [2.72757294181e-13, 2.38286879117e-09, 2.39078410402e-08, 4.02505619945e-08, 3.03153967707e-07, 2.27668510888e-06, 3.81264294447e-06, 3.26112768789e-07, 3.85293247973e-07, 2.74417772061e-07, 1.78370207493e-08, 7.49874295991e-09, 3.03784517541e-08, 1.09448503594e-08, 1.31271713499e-08, 4.14627310263e-09, 4.73906380805e-09, 4.04957578581e-09, 4.49592096885e-09, 3.64922336793e-09, 1.67113334282e-09, 1.46593737149e-09, 6.55159038132e-10, 3.61534191473e-10, 2.35293839967e-10, 3.87806786684e-10, 3.105304347e-10, 3.60373016151e-11, 4.92578478006e-11, 8.71416688808e-11, 4.17955808851e-11, 3.25855176175e-11, 4.88525400688e-11, 1.64643663286e-11, 1.4716635896e-11, 1.40428233278e-11, 1.201679381e-11, 6.60597791746e-12, 2.2163802911e-12, 8.348688494e-13]
    },
